4.286259000000000041e-01 1.014917699999999950e-01
1.385067799999999960e-01 4.498308400000000096e-01
2.984430200000000033e-01 5.016298099999999538e-01
5.016695599999999589e-01 -4.592650200000000238e-01
7.786281299999999739e-01 -2.868137700000000234e-01
3.830853000000000175e-01 4.685305399999999953e-01
7.840629000000000071e-01 -4.690339699999999945e-02
6.804642199999999530e-01 -4.321932099999999943e-01
8.154843499999999690e-01 1.163363800000000031e-01
8.225680700000000123e-02 1.325940300000000016e-01
4.558033599999999907e-02 1.108740299999999984e-01
2.906302199999999999e-03 5.149276400000000337e-02
1.667320999999999942e-01 2.197955600000000009e-01
8.128416499999999711e-01 -2.405381900000000128e-01
8.278591899999999670e-01 4.961004200000000003e-02
6.476439499999999683e-01 -4.175229699999999933e-01
3.276966399999999835e-01 4.513964500000000046e-01
7.950863299999999523e-01 3.519807999999999965e-02
1.626605299999999976e-01 1.821347799999999961e-01
7.047625299999999982e-01 -2.644981100000000085e-01
